Correlation Coefficient,Clump Thickness,Uniformity of Cell Size,Uniformity of Cell Shape,Marginal Adhesion,Single Epithelial Cell Size,Bare Nuclei,Bland Chromatin,Normal Nucleoli,Mitoses
Clump Thickness,1.00 ,0.64 ,0.65 ,0.49 ,0.52 ,0.59 ,0.56 ,0.54 ,0.35 
Uniformity of Cell Size,0.64 ,1.00 ,0.91 ,0.71 ,0.75 ,0.68 ,0.76 ,0.72 ,0.46 
Uniformity of Cell Shape,0.65 ,0.91 ,1.00 ,0.68 ,0.72 ,0.70 ,0.74 ,0.72 ,0.44 
Marginal Adhesion,0.49 ,0.71 ,0.68 ,1.00 ,0.60 ,0.67 ,0.67 ,0.60 ,0.42 
Single Epithelial Cell Size,0.52 ,0.75 ,0.72 ,0.60 ,1.00 ,0.58 ,0.62 ,0.63 ,0.48 
Bare Nuclei,0.59 ,0.68 ,0.70 ,0.67 ,0.58 ,1.00 ,0.67 ,0.57 ,0.34 
Bland Chromatin,0.56 ,0.76 ,0.74 ,0.67 ,0.62 ,0.67 ,1.00 ,0.67 ,0.34 
Normal Nucleoli,0.54 ,0.72 ,0.72 ,0.60 ,0.63 ,0.57 ,0.67 ,1.00 ,0.43 
Mitoses,0.35 ,0.46 ,0.44 ,0.42 ,0.48 ,0.34 ,0.34 ,0.43 ,1.00 