7.928395456464618,5.541164004246757,5.477690191882793,3.910307807715482,3.2534689343351677,6.041049227098883,3.834056839283298,4.6072346495812715,1.690388643621056
5.541164004246757,9.311402699722493,8.224213059179904,6.147785825842078,5.079790613688814,7.6051994047985,5.622993961902175,6.735682575599183,2.4005660972900325
5.477690191882793,8.224213059179904,8.832265495939772,5.796567753360308,4.73592647703843,7.622907879041274,5.333128374140713,6.529071411881906,2.2371562321941694
3.910307807715482,6.147785825842078,5.796567753360308,8.153190599751598,3.7910645990383207,6.920594709593332,4.641975232731163,5.260800324655356,2.0452303946284367
3.2534689343351677,5.079790613688814,4.73592647703843,3.7910645990383207,4.903123988013978,4.699152698697676,3.326499993851224,4.252278121426019,1.8194821910957506
6.041049227098883,7.6051994047985,7.622907879041274,6.920594709593332,4.699152698697676,13.254756078064869,5.961551705055526,6.359752573262675,2.1404441875622537
3.834056839283298,5.622993961902175,5.333128374140713,4.641975232731163,3.326499993851224,5.961551705055526,5.945620227012803,4.9580407540858635,1.4393115830638141
4.6072346495812715,6.735682575599183,6.529071411881906,5.260800324655356,4.252278121426019,6.359752573262675,4.9580407540858635,9.324679956220685,2.2432886112375017
1.690388643621056,2.4005660972900325,2.2371562321941694,2.0452303946284367,1.8194821910957506,2.1404441875622537,1.4393115830638141,2.2432886112375017,2.9414923488733336
